Level	Fighter	Paladin	Ranger	Mage	Cleric	Druid	Thief	Bard
lvl01	0	0	0	0	0	0	0	0
lvl02	2000	2000	2250	2500	1500	2000	1250	1250
lvl03	4000	4000	4500	5000	3000	4000	2500	2500
lvl04	8000	8000	9000	10000	6000	7500	5000	5000
lvl05	16000	16000	18000	20000	13000	12500	10000	10000
lvl06	32000	32000	36000	40000	27500	20000	20000	20000
lvl07	64000	64000	75000	60000	55000	35000	40000	40000
lvl08	125000	125000	150000	90000	110000	60000	70000	70000
lvl09	250000	250000	300000	135000	225000	90000	110000	110000
lvl10	500000	500000	600000	250000	450000	125000	160000	160000
